0
1
2
3
4
5
6
7
8
9
10
11
12
13
14
25
26
27
28
29
30
31
32
40
58
59
60
61
62
63
64
72
90
91
92
93
94
95
96
97
98
99
100
101
102
104
105
106
107
108
109
112
114
115
116
119
123
147
179
220
256
257
258
260
262
263
264
266
269
275
276
279
284
285
286
300
304
309
310
311
313
314
315
320
322
323
330
333
334
335
338
353
355
358
362
364
366
368
369
374
381
383
387
389
394
400
405
411
413
414
418
419
421
428
429
430
432
437
438
442
445
448
454
458
476
481
486
488
492
496
497
498
503
504
508
513
516
518
522
525
537
541
546
549
553
563
565
566
568
569
572
574
576
582
589
593
599
600
601
603
605
608
609
614
621
639
641
646
653
659
660
664
671
677
678
686
687
688
690
697
699
700
701
702
704
705
711
714
716
725
738
746
752
753
755
758
760
770
771
773
785
786
788
806
807
810
820
825
828
847
861
862
863
868
873
875
878
879
885
892
893
894
896
897
899
902
911
916
936
937
949
952
957
961
970
979
980
981
983
989
990
997
999
1005
1007
1008
1009
1012
1018
1027
1030
1033
1034
1035
1039
1045
1048
1052
1053
1055
1057
1059
1060
1067
1079
1083
1084
1091
1093
1096
1101
1102
1105
1110
1112
1115
1119
1124
1125
1128
1130
1131
1142
1145
1154
1156
1158
1165
1172
1177
1178
1181
1183
1188
1189
1192
1199
1204
1205
1210
1212
1215
1221
1231
1243
1244
1246
1249
1260
1265
1281
1283
1289
1294
1304
1316
1318
1335
1340
1341
1349
1357
1359
1369
1371
1372
1378
1380
1382
1383
1391
1393
1394
1397
1402
1408
1410
1416
1421
1431
1435
1436
1441
1446
1449
1457
1459
1464
1467
1472
1473
1477
1483
1493
1495
1499
1503
1505
1507
1518
1519
1521
1526
1527
1549
1558
1565
1566
1573
1575
1576
1584
1588
1591
1597
1602
1632
1634
1637
1648
1649
1654
1655
1660
1667
1669
1689
1694
1698
1703
1711
1719
1725
1730
1741
1752
1781
1782
1784
1795
1797
1799
1812
1817
1823
1827
1843
1844
1846
1847
1858
1865
1896
1911
1913
1918
1920
1921
1923
1925
1934
1948
1956
1958
1964
1969
1970
1975
1977
1979
1986
1988
1995
2000
2009
2014
2034
2041
2049
2055
2077
2079
2082
2086
2097
2099
2100
2105
2121
2124
2129
2130
2132
2137
2140
2152
2157
2158
2160
2176
2179
2195
2197
2198
2235
2238
2274
2279
2290
2306
2308
2324
2326
2337
2346
2354
2365
2376
2379
2389
2403
2408
2411
2418
2427
2431
2441
2442
2447
2452
2454
2457
2458
2461
2467
2470
2471
2474
2490
2495
2503
2509
2521
2530
2532
2549
2559
2561
2572
2573
2575
2578
2585
2586
2587
2591
2602
2604
2609
2610
2619
2623
2651
2653
2658
2660
2661
2662
2679
2701
2726
2727
2748
2750
2753
2756
2759
2761
2768
2769
2773
2788
2797
2806
2823
2824
2833
2870
2877
2878
2887
2894
2917
2918
2923
2924
2928
2932
2938
2968
2974
2979
2980
2982
2987
3008
3012
3014
3017
3036
3042
3055
3056
3058
3059
3070
3076
3080
3085
3088
3110
3115
3124
3138
3142
3155
3158
3159
3168
3169
3170
3186
3197
3216
3217
3219
3234
3243
3252
3259
3263
3269
3270
3274
3303
3320
3328
3344
3353
3355
3363
3370
3391
3396
3403
3409
3410
3417
3419
3422
3424
3430
3432
3442
3443
3445
3447
3458
3467
3471
3472
3488
3489
3500
3501
3502
3504
3513
3515
3521
3555
3558
3565
3567
3570
3573
3575
3578
3584
3602
3608
3643
3654
3656
3660
3661
3663
3670
3676
3679
3685
3710
3718
3730
3752
3764
3767
3775
3776
3789
3793
3804
3824
3830
3836
3838
3844
3857
3862
3869
3872
3879
3896
3897
3898
3903
3918
3919
3966
3968
3975
3976
3979
3983
3985
3997
4007
4009
4015
4055
4070
4071
4073
4077
4080
4082
4089
4114
4125
4137
4165
4180
4181
4183
4197
4202
4207
4210
4220
4221
4244
4250
4252
4283
4291
4293
4295
4306
4318
4319
4326
4329
4340
4346
4371
4376
4378
4383
4387
4396
4416
4418
4421
4427
4429
4430
4444
4454
4456
4457
4470
4472
4477
4480
4498
4506
4512
4539
4555
4567
4569
4575
4579
4596
4597
4599
4605
4607
4609
4613
4615
4623
4633
4636
4647
4648
4649
4667
4686
4687
4695
4696
4734
4739
4769
4776
4779
4782
4792
4806
4814
4820
4833
4841
4843
4847
4854
4866
4880
4884
4908
4913
4917
4919
4921
4927
4930
4933
4934
4940
4950
4990
4991
4999
5005
5026
5038
5048
5050
5053
5065
5078
5086
5108
5109
5114
5123
5126
5129
5144
5146
5158
5161
5162
5172
5180
5185
5196
5201
5207
5212
5225
5230
5238
5239
5241
5265
5287
5288
5301
5302
5318
5321
5324
5326
5337
5338
5352
5357
5360
5361
5404
5410
5443
5445
5453
5460
5466
5478
5479
5484
5488
5500
5512
5513
5521
5541
5542
5561
5569
5572
5577
5592
5596
5606
5610
5620
5624
5627
5633
5638
5646
5664
5669
5673
5680
5682
5692
5705
5707
5711
5714
5731
5752
5761
5765
5789
5800
5809
5817
5818
5824
5849
5865
5867
5869
5875
5884
5900
5905
5914
5924
5933
5945
5957
5962
5968
5973
5976
5982
6007
6011
6025
6041
6062
6065
6068
6071
6085
6091
6098
6133
6138
6143
6167
6197
6206
6227
6252
6256
6257
6270
6285
6286
6294
6306
6329
6356
6365
6374
6387
6401
6413
6418
6425
6443
6503
6510
6523
6526
6536
6599
6614
6615
6620
6630
6636
6644
6650
6656
6691
6693
6696
6713
6739
6766
6768
6769
6780
6791
6824
6829
6831
6839
6847
6858
6865
6878
6882
6892
6896
6897
6903
6927
6928
6944
6967
6979
6986
7003
7005
7036
7037
7039
7044
7086
7098
7110
7127
7178
7190
7204
7206
7209
7227
7235
7241
7245
7252
7257
7259
7271
7281
7287
7289
7290
7308
7309
7342
7369
7379
7389
7397
7402
7405
7409
7422
7426
7436
7457
7462
7470
7476
7481
7508
7512
7521
7524
7533
7561
7574
7609
7630
7646
7670
7672
7677
7686
7704
7705
7706
7710
7716
7724
7753
7764
7771
7788
7799
7808
7810
7812
7823
7825
7846
7866
7867
7873
7892
7895
7910
7913
7914
7941
7959
7981
7983
7985
7995
8006
8009
8010
8011
8013
8057
8066
8067
8071
8074
8078
8085
8087
8088
8110
8133
8136
8152
8165
8190
8195
8197
8203
8206
8237
8248
8275
8278
8283
8300
8325
8333
8358
8361
8373
8378
8388
8390
8401
8407
8420
8428
8429
8449
8465
8466
8481
8484
8496
8504
8525
8533
8576
8607
8610
8624
8634
8636
8639
8650
8662
8667
8668
8672
8687
8700
8701
8704
8707
8711
8713
8734
8748
8786
8791
8886
8899
8958
8972
8981
8992
8996
9000
9019
9027
9033
9043
9046
9060
9064
9096
9097
9100
9112
9119
9139
9146
9157
9165
9169
9207
9211
9212
9229
9231
9235
9277
9309
9312
9319
9322
9330
9345
9355
9361
9365
9388
9415
9449
9457
9469
9485
9533
9543
9545
9547
9560
9607
9623
9624
9639
9645
9646
9663
9685
9697
9699
9711
9715
9719
9733
9769
9777
9794
9801
9808
9822
9828
9863
9868
9877
9885
9888
9902
9921
9922
9933
9939
9940
9945
9952
9974
9975
9987
9998
10002
10022
10039
10055
10065
10071
10116
10117
10131
10169
10170
10208
10227
10229
10234
10243
10253
10281
10293
10295
10297
10313
10326
10328
10342
10347
10360
10398
10399
10409
10440
10445
10462
10465
10479
10483
10484
10494
10495
10503
10534
10545
10556
10589
10603
10631
10649
10654
10656
10662
10694
10697
10699
10700
10713
10727
10749
10752
10829
10832
10837
10857
10868
10878
10879
10889
10892
10915
10937
10941
10944
10964
10967
10977
10982
11015
11017
11018
11024
11035
11036
11061
11069
11070
11077
11109
11112
11119
11124
11132
11146
11147
11173
11225
11230
11254
11273
11284
11286
11304
11306
11315
11324
11330
11334
11347
11350
11370
11378
11384
11395
11403
11404
11409
11411
11439
11443
11444
11445
11456
11506
11510
11518
11520
11526
11531
11538
11545
11551
11559
11568
11573
11583
11594
11600
11613
11661
11667
11675
11685
11693
11696
11700
11730
11733
11743
11764
11777
11778
11783
11789
11837
11843
11858
11875
11881
11883
11884
11895
11898
11930
11934
11950
11954
11971
11982
11985
11987
11993
12008
12017
12023
12028
12069
12071
12077
12091
12109
12112
12116
12147
12159
12186
12199
12209
12210
12225
12239
12243
12260
12309
12310
12314
12315
12326
12332
12350
12387
12437
12440
12448
12457
12462
12480
12483
12496
12522
12525
12530
12533
12547
12549
12553
12555
12581
12599
12603
12612
12618
12622
12627
12687
12708
12747
12749
12766
12813
12832
12841
12854
12861
12895
12918
12928
12947
12950
12969
12978
12985
12991
12995
13004
13005
13010
13022
13064
13067
13084
13097
13109
13117
13123
13184
13194
13203
13211
13217
13223
13235
13244
13260
13265
13268
13285
13287
13293
13301
13302
13311
13314
13332
13338
13353
13362
13366
13372
13383
13384
13394
13395
13399
13426
13439
13453
13456
13463
13467
13496
13507
13524
13533
13541
13543
13555
13560
13576
13590
13592
13608
13645
13650
13651
13667
13696
13719
13736
13749
13759
13788
13836
13862
13866
13868
13874
13880
13889
13902
13914
13924
13941
13976
13987
13988
13989
13998
14008
14013
14037
14040
14055
14065
14085
14088
14095
14098
14104
14111
14129
14171
14186
14203
14206
14209
14234
14244
14252
14265
14276
14278
14280
14287
14313
14319
14326
14341
14345
14351
14360
14362
14374
14375
14387
14392
14393
14414
14420
14437
14474
14480
14482
14483
14513
14516
14523
14526
14565
14568
14569
14581
14585
14618
14623
14626
14631
14642
14654
14665
14669
14689
14698
14703
14710
14717
14723
14751
14771
14786
14801
14804
14806
14812
14853
14871
14873
14875
14879
14882
14905
14908
14913
14916
14955
14979
14985
14996
15000
15012
15031
15081
15087
15105
15132
15133
15150
15157
15159
15170
15191
15193
15197
15238
15240
15250
15251
15267
15270
15290
15308
15325
15340
15347
15348
15365
15370
15375
15382
15413
15429
15431
15437
15465
15481
15505
15507
15509
15533
15543
15553
15593
15606
15617
15624
15630
15639
15642
15645
15654
15666
15670
15694
15716
15757
15762
15777
15783
15785
15793
15794
15796
15802
15804
15808
15824
15825
15852
15898
15899
15920
15926
15950
15951
15979
15984
15986
16014
16018
16043
16068
16097
16123
16148
16152
16168
16175
16215
16242
16246
16250
16258
16269
16292
16303
16315
16324
16327
16357
16395
16427
16429
16438
16452
16455
16503
16512
16521
16525
16555
16561
16562
16565
16574
16600
16612
16613
16630
16640
16667
16681
16743
16756
16764
16766
16817
16843
16862
16864
16884
16891
16904
16908
16933
16956
16975
16976
16980
17008
17016
17034
17056
17067
17085
17094
17135
17140
17142
17147
17154
17160
17178
17185
17223
17229
17234
17237
17244
17249
17259
17264
17284
17290
17293
17304
17326
17341
17399
17409
17417
17435
17440
17455
17464
17466
17468
17473
17475
17515
17519
17525
17535
17559
17600
17611
17629
17648
17652
17656
17664
17705
17729
17756
17763
17767
17814
17826
17834
17875
17882
17886
17918
17935
17949
17960
17973
17981
17982
17996
18001
18012
18036
18068
18081
18083
18088
18099
18105
18113
18121
18122
18148
18153
18159
18164
18191
18201
18208
18224
18252
18261
18275
18278
18286
18291
18309
18316
18341
18347
18358
18375
18384
18407
18410
18428
18456
18466
18469
18524
18532
18554
18559
18589
18590
18606
18614
18653
18654
18666
18684
18685
18695
18711
18722
18725
18733
18736
18749
18771
18782
18783
18788
18789
18802
18804
18831
18850
18883
18885
18893
18913
18942
18963
18981
19007
19010
19012
19016
19035
19065
19076
19083
19096
19141
19159
19176
19177
19191
19239
19249
19257
19273
19327
19332
19333
19356
19364
19443
19444
19508
19528
19542
19579
19581
19591
19632
19641
19677
19686
19709
19728
19732
19742
19788
19789
19814
19821
19834
19844
19845
19853
19884
19912
19922
19928
19993
19999
20035
20066
20069
20103
20154
20159
20177
20213
20224
20227
20235
20242
20246
20281
20318
20320
20388
20390
20399
20418
20426
20451
20455
20484
20492
20495
20505
20550
20560
20565
20582
20584
20591
20629
20634
20670
20672
20678
20690
20703
20705
20706
20709
20725
20733
20805
20813
20861
20863
20865
20904
20912
20922
20948
20955
20974
20979
20988
21016
21028
21085
21110
21122
21156
21157
21181
21193
21195
21200
21212
21215
21222
21227
21263
21289
21293
21299
21301
21353
21369
21389
21397
21417
21468
21473
21477
21480
21509
21520
21522
21524
21531
21549
21608
21620
21636
21658
21662
21667
21684
21701
21724
21731
21732
21756
21767
21778
21783
21798
21811
21814
21820
21854
21876
21897
21901
21903
21916
21949
21950
22022
22035
22043
22069
22082
22099
22102
22158
22221
22232
22245
22250
22262
22283
22292
22295
22307
22317
22335
22336
22346
22349
22404
22407
22416
22425
22428
22432
22438
22445
22469
22472
22473
22476
22486
22501
22512
22519
22554
22558
22565
22579
22655
22713
22714
22726
22738
22743
22760
22769
22772
22789
22796
22805
22880
22890
22892
22920
22948
22957
22958
22964
22971
22972
22987
23012
23019
23032
23085
23086
23131
23161
23182
23211
23233
23241
23256
23277
23286
23315
23379
23386
23426
23427
23435
23440
23465
23488
23489
23495
23503
23515
23520
23532
23536
23540
23547
23585
23586
23606
23610
23615
23635
23650
23708
23805
23817
23825
23832
23852
23854
23857
23864
23891
23893
23896
23903
23910
23929
23948
23976
23996
24011
24038
24040
24076
24096
24117
24126
24148
24157
24184
24204
24226
24233
24236
24239
24254
24264
24282
24288
24293
24320
24333
24348
24361
24389
24426
24429
24493
24541
24599
24620
24628
24658
24673
24687
24689
24719
24731
24772
24773
24778
24812
24816
24818
24868
24884
24889
24894
24904
24917
24972
24979
24984
25005
25010
25022
25035
25049
25069
25080
25091
25102
25113
25184
25203
25235
25241
25269
25275
25304
25311
25346
25353
25370
25372
25393
25430
25439
25457
25477
25483
25495
25526
25547
25554
25557
25569
25589
25667
25669
25675
25682
25736
25756
25759
25771
25773
25781
25786
25854
25931
25954
25956
25959
25972
25984
26034
26040
26049
26055
26056
26065
26067
26074
26076
26094
26107
26124
26159
26169
26189
26231
26256
26266
26274
26303
26309
26311
26326
26332
26352
26393
26418
26420
26428
26432
26468
26476
26478
26506
26511
26513
26523
26556
26559
26591
26607
26609
26610
26617
26642
26663
26676
26687
26693
26704
26708
26744
26758
26818
26827
26838
26856
26877
26912
26919
26950
26954
26957
27027
27054
27057
27068
27108
27119
27133
27151
27152
27166
27168
27183
27191
27202
27207
27237
27238
27244
27257
27382
27392
27399
27405
27407
27421
27439
27481
27494
27506
27510
27528
27530
27533
27568
27569
27590
27622
27630
27638
27651
27653
27719
27732
27736
27738
27746
27772
27782
27792
27798
27803
27814
27825
27836
27837
27838
27856
27867
27876
27877
27915
27965
27967
27989
28007
28010
28028
28032
28037
28062
28074
28077
28078
28105
28149
28152
28154
28184
28226
28230
28243
28252
28278
28283
28350
28364
28366
28406
28407
28489
28503
28536
28540
28565
28585
28587
28592
28623
28634
28644
28654
28671
28675
28706
28740
28743
28744
28745
28777
28783
28796
28798
28802
28806
28864
28875
28905
28921
28957
28970
28996
29015
29052
29066
29076
29083
29089
29113
29133
29151
29169
29177
29209
29248
29254
29283
29315
29339
29345
29348
29355
29361
29371
29441
29450
29465
29541
29559
29572
29592
29616
29621
29644
29645
29652
29669
29685
29710
29734
29752
29776
29778
29787
29798
29808
29838
29854
29865
29899
29907
30031
30063
30085
30093
30108
30110
30136
30175
30192
30239
30267
30311
30315
30328
30337
30344
30350
30358
30362
30375
30385
30407
30409
30424
30430
30433
30456
30490
30510
30519
30529
30537
30584
30586
30588
30616
30630
30651
30692
30693
30701
30704
30742
30743
30757
30768
30774
30795
30796
30799
30801
30811
30822
30840
30873
30889
30902
30917
30945
30961
30973
30975
30999
31005
31011
31058
31067
31092
31113
31153
31158
31164
31182
31192
31245
31246
31252
31263
31308
31383
31391
31406
31452
31466
31500
31515
31530
31550
31601
31602
31645
31663
31673
31682
31698
31706
31716
31719
31727
31732
31740
31765
31776
31813
31825
31827
31870
31879
31888
31923
31947
31979
31982
32014
32028
32041
32043
32046
32069
32087
32186
32213
32217
32244
32263
32295
32296
32299
32328
32340
32373
32399
32401
32429
32434
32435
32450
32484
32487
32503
32543
32558
32574
32596
32603
32620
32663
32671
32678
32699
32725
32735
32737
32741
32751
32752
32756
32761
32771
32781
32798
32870
32881
32882
32901
32905
32912
32926
32964
32971
32973
32991
32996
33009
33015
33019
33037
33077
33087
33092
33100
33110
33119
33142
33175
33210
33217
33237
33238
33251
33258
33267
33293
33294
33325
33333
33388
33415
33419
33434
33440
33484
33490
33510
33518
33538
33541
33543
33579
33596
33610
33615
33628
33633
33643
33647
33660
33676
33678
33711
33732
33742
33778
33790
33794
33810
33813
33821
33836
33845
33852
33856
33857
33870
33871
33891
33928
33943
33955
33973
33996
34040
34061
34076
34082
34109
34111
34114
34116
34139
34145
34173
34175
34177
34198
34289
34294
34299
34319
34321
34333
34336
34376
34421
34433
34438
34450
34476
34510
34545
34546
34579
34600
34634
34638
34670
34672
34681
34703
34713
34720
34724
34727
34768
34797
34802
34811
34812
34813
34866
34923
34939
34952
34973
35002
35004
35021
35058
35065
35089
35109
35118
35127
35145
35165
35200
35205
35212
35218
35220
35226
35229
35264
35269
35302
35334
35338
35366
35374
35392
35393
35395
35399
35410
35431
35460
35464
35466
35475
35482
35487
35503
35538
35553
35574
35575
35582
35587
35619
35624
35640
35668
35674
35676
35684
35686
35695
35702
35748
35755
35766
35774
35825
35872
35887
35900
35912
35949
35970
35973
35994
36014
36017
36078
36088
36120
36127
36141
36165
36174
36197
36234
36269
36271
36272
36280
36288
36289
36299
36304
36328
36334
36336
36357
36363
36413
36416
36456
36484
36498
36507
36509
36519
36572
36585
36591
36610
36617
36642
36652
36675
36709
36712
36715
36720
36726
36777
36778
36790
36799
36800
36803
36814
36815
36821
36828
36836
36864
36870
36891
36892
36907
36911
36943
36944
36951
36975
36976
36989
37023
37051
37062
37067
37083
37084
37096
37144
37157
37248
37272
37297
37301
37302
37312
37317
37318
37328
37335
37354
37366
37378
37402
37404
37426
37435
37449
37454
37457
37485
37490
37498
37511
37587
37607
37612
37615
37639
37680
37713
37719
37751
37753
37754
37758
37768
37776
37807
37822
37826
37827
37878
37880
37906
37907
37933
37970
37978
38006
38032
38040
38051
38104
38151
38154
38171
38201
38203
38214
38238
38319
38339
38346
38363
38368
38369
38381
38402
38422
38437
38459
38481
38484
38485
38502
38547
38548
38552
38591
38592
38603
38615
38643
38645
38646
38657
38662
38681
38692
38698
38707
38713
38717
38730
38732
38738
38739
38770
38813
38823
38838
38842
38858
38893
38898
38915
38970
38998
39002
39009
39010
39018
39019
39025
39038
39047
39137
39147
39155
39193
39205
39212
39230
39246
39280
39304
39311
39313
39371
39373
39396
39425
39439
39444
39464
39481
39484
39503
39517
39524
39526
39555
39559
39562
39565
39583
39595
39635
39647
39734
39768
39833
39860
39874
39904
39915
39917
39920
39958
39970
39981
39982
40005
40008
40012
40023
40042
40044
40056
40072
40074
40097
40124
40160
40161
40181
40192
40268
40271
40300
40318
40331
40350
40371
40381
40420
40421
40447
40481
40486
40497
40510
40518
40548
40554
40562
40596
40600
40606
40612
40622
40631
40635
40691
40823
40841
40855
40919
40938
40960
40969
40995
41053
41056
41089
41091
41117
41157
41160
41197
41239
41267
41280
41295
41348
41364
41383
41391
41399
41413
41423
41427
41445
41449
41491
41495
41553
41554
41573
41672
41681
41715
41743
41782
41794
41800
41801
41867
41876
41892
41903
41942
41955
41961
41963
41965
41968
41993
41999
42025
42037
42087
42091
42107
42181
42182
42246
42269
42303
42307
42313
42317
42336
42351
42392
42401
42419
42455
42484
42516
42520
42542
42708
42732
42745
42747
42788
42847
42863
42877
42883
42902
42918
42943
42973
42998
42999
43018
43035
43128
43145
43146
43200
43239
43256
43259
43269
43323
43326
43378
43385
43389
43420
43430
43449
43472
43490
43507
43575
43584
43606
43610
43626
43660
43662
43664
43677
43715
43721
43726
43772
43789
43833
43841
43863
43869
43872
43875
43910
43929
43946
44048
44051
44056
44060
44062
44087
44097
44147
44166
44171
44199
44259
44292
44307
44352
44385
44388
44401
44438
44474
44481
44488
44490
44501
44509
44510
44513
44533
44539
44561
44573
44590
44600
44609
44622
44633
44637
44654
44662
44671
44689
44701
44707
44784
44824
44874
44891
44903
44907
44908
44913
44921
44959
44968
44970
44983
44986
45014
45023
45033
45058
45076
45096
45121
45131
45134
45138
45140
45142
45153
45169
45279
45324
45342
45347
45377
45412
45417
45456
45463
45472
45485
45499
45514
45521
45591
45600
45609
45637
45650
45669
45675
45676
45725
45764
45797
45811
45858
45898
45899
45916
45922
45934
45937
45957
45964
45969
46021
46024
46030
46075
46085
46089
46097
46115
46127
46131
46144
46145
46165
46186
46198
46215
46221
46225
46226
46251
46255
46258
46259
46311
46338
46356
46381
46385
46387
46388
46391
46392
46427
46430
46434
46459
46470
46513
46519
46522
46538
46551
46576
46577
46595
46605
46623
46639
46651
46656
46671
46725
46727
46771
46807
46844
46846
46869
46881
46903
46904
46914
46932
46958
46984
47074
47082
47140
47178
47186
47187
47189
47201
47207
47215
47219
47266
47267
47300
47326
47362
47372
47383
47409
47437
47447
47453
47503
47518
47527
47530
47549
47563
47576
47585
47614
47636
47654
47683
47705
47717
47724
47729
47748
47770
47781
47805
47822
47879
47891
47908
47926
47936
47938
47947
47954
47966
47994
48002
48024
48035
48077
48081
48082
48103
48122
48139
48145
48179
48188
48199
48222
48256
48264
48281
48290
48302
48306
48316
48321
48325
48339
48340
48365
48393
48432
48497
48518
48563
48611
48617
48643
48651
48654
48690
48705
48718
48782
48800
48817
48882
48885
48891
48906
48920
48949
48967
48981
48997
49001
49014
49022
49038
49042
49105
49116
49131
49132
49196
49210
49239
49244
49245
49277
49309
49349
49376
49380
49413
49422
49424
49438
49475
49483
49570
49589
49596
49634
49697
49728
49736
49780
49807
49821
49884
49898
49964
49994
50016
50024
50025
50048
50061
50079
50097
50124
50133
50134
50160
50177
50222
50226
50295
50316
50317
50326
50336
50342
50349
50393
50426
50446
50463
50510
50514
50534
50542
50561
50572
50578
50593
50594
50604
50630
50633
50667
50681
50761
50806
50807
50809
50817
50854
50869
50899
50919
50942
50953
50969
50978
50993
50994
51007
51028
51049
51052
51067
51068
51076
51100
51122
51128
51146
51178
51185
51193
51245
51257
51269
51274
51291
51300
51317
51325
51356
51364
51419
51459
51475
51520
51530
51535
51543
51554
51556
51561
51613
51615
51639
51658
51668
51669
51725
51785
51786
51796
51798
51799
51812
51902
51953
52014
52016
52031
52035
52038
52039
52047
52052
52072
52077
52090
52095
52098
52108
52125
52136
52146
52147
52166
52173
52192
52244
52250
52261
52273
52285
52307
52318
52393
52398
52402
52406
52471
52474
52489
52508
52515
52559
52565
52570
52585
52593
52601
52617
52629
52650
52652
52676
52731
52736
52759
52803
52805
52812
52816
52838
52864
52870
52878
52926
52931
52946
52952
52974
53028
53039
53074
53124
53147
53157
53177
53237
53254
53264
53279
53280
53286
53288
53304
53305
53331
53364
53374
53381
53386
53404
53430
53447
53478
53528
53529
53546
53568
53595
53614
53619
53629
53686
53688
53692
53698
53780
53795
53796
53808
53819
53838
53874
53922
53944
54028
54073
54093
54108
54109
54131
54176
54229
54256
54258
54268
54275
54280
54287
54296
54301
54323
54362
54373
54401
54433
54457
54466
54497
54521
54583
54602
54628
54637
54687
54697
54721
54722
54729
54734
54791
54863
54876
54878
54887
54924
54934
54973
54977
54978
54981
54982
54984
55019
55030
55050
55051
55073
55087
55100
55178
55219
55241
55263
55283
55317
55408
55417
55435
55460
55468
55479
55492
55507
55528
55543
55561
55581
55589
55615
55648
55672
55682
55693
55698
55761
55799
55803
55828
55834
55850
55853
55863
55897
55904
55905
55907
55912
55943
55952
55961
55974
55982
55995
56014
56038
56057
56070
56074
56079
56087
56113
56136
56144
56161
56218
56224
56241
56262
56270
56321
56323
56330
56342
56370
56376
56389
56390
56422
56427
56462
56482
56504
56512
56537
56549
56595
56622
56639
56641
56693
56746
56765
56813
56823
56839
56855
56882
56939
56940
56962
56963
56980
57010
57013
57018
57043
57104
57126
57139
57155
57183
57196
57224
57250
57252
57263
57277
57362
57390
57408
57415
57423
57425
57439
57476
57491
57495
57542
57551
57576
57583
57590
57619
57653
57672
57676
57709
57721
57744
57758
57817
57851
57896
57906
57916
57931
57950
57954
57955
57960
57975
58013
58045
58098
58136
58144
58146
58228
58241
58265
58291
58308
58315
58324
58336
58355
58373
58393
58406
58407
58411
58433
58462
58528
58536
58539
58543
58590
58591
58592
58640
58662
58689
58710
58721
58736
58789
58807
58836
58847
58901
58905
58997
59000
59024
59026
59043
59079
59092
59119
59122
59128
59132
59152
59181
59210
59216
59221
59230
59245
59265
59267
59273
59297
59312
59401
59404
59456
59475
59498
59499
59564
59567
59575
59635
59660
59707
59792
59809
59849
59859
59860
59877
59911
59946
59979
60006
60016
60020
60102
60152
60158
60191
60197
60285
60347
60353
60402
60420
60424
60438
60487
60517
60525
60554
60584
60595
60609
60629
60674
60723
60737
60764
60767
60778
60785
60816
60828
60875
60880
60895
60896
60908
60915
60971
60973
60974
61032
61047
61064
61069
61083
61107
61108
61125
61144
61173
61176
61247
61318
61329
61335
61338
61341
61350
61359
61360
61389
61399
61400
61410
61413
61456
61463
61470
61495
61496
61552
61556
61580
61586
61593
61651
61660
61683
61693
61724
61753
61790
61807
61855
61867
61926
61986
61996
62051
62060
62062
62067
62154
62170
62175
62182
62191
62195
62201
62210
62212
62238
62243
62256
62272
62276
62296
62319
62331
62366
62427
62431
62435
62440
62441
62493
62525
62546
62550
62609
62622
62628
62638
62705
62720
62722
62729
62730
62741
62750
62770
62789
62847
62856
62872
62923
62929
62973
63026
63028
63029
63118
63220
63242
63295
63307
63344
63347
63351
63354
63383
63392
63394
63425
63449
63454
63470
63481
63553
63554
63579
63596
63598
63624
63632
63659
63660
63698
63737
63758
63796
63853
63869
63887
63985
64011
64027
64048
64050
64059
64068
64081
64110
64154
64163
64217
64226
64238
64264
64265
64322
64353
64360
64366
64393
64426
64433
64442
64540
64575
64657
64660
64677
64770
64822
64848
64856
64928
64969
65006
65011
65016
65018
65033
65039
65080
65097
65120
65126
65182
65195
65217
65260
65271
65290
65305
65330
65357
65361
65387
65405
65440
65469
65473
65486
65555
65575
65611
65612
65637
65648
65667
65669
65678
65720
65743
65777
65778
65795
65797
65828
65831
65871
65875
65884
65892
65893
65900
65915
65923
65976
65990
66003
66004
66014
66036
66053
66059
66076
66091
66100
66112
66114
66125
66128
66150
66159
66163
66190
66203
66207
66221
66233
66246
66251
66277
66283
66290
66294
66299
66327
66338
66339
66354
66365
66377
66389
66395
66405
66424
66479
66582
66600
66606
66621
66628
66647
66656
66689
66706
66721
66739
66746
66747
66832
66838
66839
66844
66894
66895
66896
66899
66910
66914
66917
66963
66995
67020
67022
67027
67036
67047
67049
67097
67129
67150
67157
67161
67172
67183
67186
67216
67226
67238
67268
67280
67285
67300
67301
67331
67333
67334
67339
67384
67393
67411
67420
67425
67455
67476
67484
67535
67549
67551
67610
67622
67638
67661
67672
67678
67680
67701
67713
67733
67772
67779
67792
67810
67844
67911
67915
67961
67976
68006
68034
68046
68053
68085
68096
68105
68106
68111
68157
68177
68191
68201
68206
68222
68300
68367
68382
68386
68435
68484
68490
68514
68521
68524
68547
68566
68590
68615
68638
68665
68684
68685
68687
68695
68700
68708
68752
68799
68800
68843
68846
68853
68868
68882
68906
68908
68913
68916
68928
68937
68939
68965
68966
69019
69034
69050
69061
69068
69088
69099
69153
69163
69183
69199
69222
69230
69272
69287
69321
69343
69355
69362
69363
69378
69419
69422
69447
69457
69467
69483
69495
69502
69583
69616
69617
69716
69726
69735
69757
69768
69769
69782
69796
69800
69844
69912
69918
69939
69946
69947
69963
69979
69990
70017
70044
70046
70049
70073
70079
70098
70119
70141
70154
70185
70197
70215
70235
70247
70282
70301
70316
70318
70329
70340
70386
70410
70412
70456
70457
70501
70639
70654
70659
70662
70690
70787
70793
70831
70837
70854
70867
70881
70886
70900
70910
70923
70930
70956
70959
70966
70982
71020
71042
71084
71107
71112
71153
71167
71210
71214
71217
71257
71265
71287
71341
71379
71383
71393
71404
71409
71471
71505
71508
71524
71539
71554
71630
71667
71698
71793
71835
71836
71843
71848
71863
71890
71894
71933
71964
72004
72006
72013
72025
72080
72142
72149
72155
72241
72271
72280
72300
72306
72339
72341
72375
72385
72398
72403
72441
72446
72472
72483
72513
72549
72559
72713
72718
72727
72757
72785
72787
72796
72847
72882
72900
72911
72933
72946
72961
72977
73014
73039
73062
73131
73133
73144
73150
73173
73198
73199
73200
73229
73261
73269
73271
73315
73338
73375
73386
73466
73470
73472
73478
73479
73516
73538
73543
73593
73594
73608
73637
73703
73735
73775
73805
73816
73817
73834
73879
73892
73903
73918
73929
73977
73983
74000
74013
74022
74029
74045
74080
74083
74090
74094
74108
74212
74282
74294
74342
74371
74396
74404
74448
74461
74480
74524
74528
74545
74555
74573
74649
74650
74653
74678
74699
74721
74723
74730
74747
74757
74768
74785
74794
74799
74827
75014
75015
75033
75035
75075
75091
75097
75104
75141
75180
75192
75197
75218
75220
75222
75244
75269
75306
75316
75336
75346
75414
75432
75453
75473
75510
75530
75542
75559
75600
75632
75647
75665
75674
75686
75692
75738
75767
75769
75784
75805
75894
75915
75922
75942
75984
76015
76042
76063
76072
76101
76105
76116
76122
76246
76247
76263
76274
76305
76310
76330
76425
76451
76466
76475
76496
76507
76527
76540
76550
76594
76655
76694
76762
76768
76777
76790
76802
76847
76852
76855
76860
76865
76889
76934
76996
77056
77057
77098
77129
77130
77146
77149
77165
77174
77197
77215
77223
77267
77285
77286
77309
77315
77348
77355
77406
77410
77417
77422
77442
77491
77503
77517
77527
77535
77545
77551
77562
77567
77582
77595
77644
77660
77676
77728
77741
77745
77747
77774
77777
77782
77794
77802
77840
77841
77863
77882
77885
77897
77927
77935
77946
77979
77980
78045
78082
78134
78135
78162
78164
78168
78210
78230
78239
78286
78304
78330
78341
78346
78371
78378
78380
78401
78402
78406
78427
78527
78593
78600
78608
78658
78664
78686
78698
78699
78712
78729
78774
78778
78779
78797
78801
78822
78838
78869
78917
78993
79036
79067
79139
79157
79245
79255
79265
79268
79305
79333
79375
79411
79421
79450
79453
79463
79518
79519
79558
79571
79665
79685
79708
79719
79724
79729
79775
79787
79790
79858
79865
79871
79878
79883
79895
79920
79928
79936
80021
80050
80103
80128
80154
80166
80169
80174
80248
80258
80280
80306
80342
80389
80391
80403
80417
80461
80470
80476
80479
80495
80511
80517
80548
80592
80640
80644
80653
80671
80695
80706
80709
80728
80730
80739
80757
80762
80799
80821
80822
80866
80957
80961
81004
81008
81012
81014
81036
81045
81091
81121
81136
81139
81155
81174
81221
81238
81262
81283
81285
81299
81310
81351
81360
81372
81388
81390
81391
81394
81403
81408
81497
81537
81555
81556
81609
81633
81685
81694
81750
81776
81813
81840
81867
81877
81954
82006
82072
82128
82157
82161
82218
82233
82273
82304
82335
82358
82368
82379
82424
82432
82466
82578
82594
82596
82598
82622
82638
82639
82671
82718
82729
82750
82759
82776
82794
82815
82845
82854
82866
82876
82888
82907
82921
82930
82956
82971
82978
82989
82994
82996
83021
83046
83072
83079
83100
83131
83134
83143
83148
83156
83202
83213
83222
83224
83244
83259
83287
83372
83402
83405
83434
83438
83447
83457
83498
83503
83589
83591
83604
83655
83661
83697
83703
83706
83725
83738
83777
83784
83792
83853
83970
83983
84000
84005
84019
84031
84105
84120
84154
84198
84257
84298
84299
84306
84325
84330
84333
84368
84375
84391
84395
84403
84412
84424
84483
84491
84507
84515
84559
84562
84565
84588
84610
84626
84629
84632
84634
84636
84639
84653
84670
84685
84702
84743
84782
84849
84863
84881
84920
84998
85043
85047
85076
85079
85099
85103
85111
85126
85137
85139
85143
85148
85166
85288
85298
85366
85368
85387
85390
85395
85398
85407
85434
85442
85461
85489
85539
85540
85595
85602
85615
85628
85703
85718
85779
85799
85868
85894
85922
85971
85993
85994
85996
86024
86069
86071
86072
86076
86085
86143
86152
86200
86202
86229
86316
86332
86428
86436
86438
86440
86490
86515
86537
86544
86558
86561
86600
86632
86659
86661
86709
86712
86724
86766
86789
86791
86794
86797
86833
86856
86864
86865
86874
86920
86932
86970
87076
87088
87114
87210
87282
87315
87398
87399
87423
87433
87437
87510
87556
87569
87573
87596
87641
87657
87682
87715
87719
87771
87775
87787
87798
87803
87846
87873
87930
87963
87964
87980
87990
87995
88033
88048
88084
88100
88155
88181
88262
88277
88362
88380
88403
88421
88425
88427
88453
88457
88512
88523
88542
88552
88682
88691
88706
88720
88744
88783
88794
88819
88863
88867
88877
88889
88892
88894
88904
88914
88928
88947
89039
89041
89048
89049
89050
89060
89072
89101
89110
89152
89166
89180
89217
89242
89270
89355
89372
89382
89384
89389
89401
89420
89471
89486
89508
89531
89543
89558
89568
89628
89646
89647
89670
89810
89836
89855
89856
89871
89966
89968
90006
90007
90013
90038
90073
90084
90088
90105
90148
90152
90190
90194
90204
90220
90247
90260
90276
90297
90300
90304
90335
90349
90377
90411
90449
90497
90504
90551
90557
90599
90624
90635
90651
90688
90691
90716
90734
90743
90747
90759
90781
90798
90827
90838
90912
90915
90924
90949
90963
91027
91106
91129
91156
91183
91204
91227
91252
91277
91287
91301
91309
91347
91349
91389
91405
91413
91448
91454
91487
91514
91515
91528
91537
91553
91566
91594
91611
91612
91621
91699
91739
91764
91841
91871
91889
91920
91944
91997
92055
92056
92104
92134
92142
92147
92157
92200
92310
92326
92378
92446
92458
92465
92478
92480
92502
92509
92514
92515
92576
92585
92586
92614
92625
92666
92712
92729
92763
92775
92783
92814
92833
92949
92968
92993
93029
93068
93076
93080
93083
93103
93105
93122
93155
93162
93165
93235
93248
93273
93296
93314
93324
93333
93376
93404
93475
93481
93500
93538
93542
93579
93614
93618
93638
93652
93687
93696
93708
93754
93797
93815
93819
93844
93846
93858
93877
93911
93954
93977
93986
93993
93998
94010
94013
94015
94087
94090
94182
94186
94219
94280
94286
94303
94309
94331
94377
94397
94413
94453
94469
94494
94511
94535
94546
94553
94587
94601
94632
94638
94640
94645
94660
94692
94722
94743
94753
94762
94773
94786
94797
94806
94821
94863
94875
94876
94883
94892
95016
95032
95036
95047
95061
95071
95092
95095
95102
95161
95180
95224
95225
95245
95278
95295
95326
95329
95342
95344
95345
95429
95438
95510
95517
95518
95523
95527
95547
95585
95590
95685
95687
95716
95727
95740
95753
95800
95804
95815
95849
95874
95875
95908
95916
95974
95989
95998
96025
96065
96086
96132
96136
96178
96225
96266
96270
96292
96334
96351
96366
96374
96383
96403
96494
96501
96502
96515
96544
96561
96580
96605
96609
96652
96665
96711
96717
96745
96750
96756
96763
96803
96807
96826
96848
96859
96918
96929
96936
96950
96953
96980
96985
97005
97049
97060
97082
97112
97122
97149
97155
97170
97183
97189
97192
97200
97216
97219
97222
97236
97291
97355
97417
97426
97442
97470
97494
97514
97518
97591
97622
97637
97656
97680
97700
97704
97729
97739
97752
97806
97824
97829
97844
97845
97864
97901
97918
97923
97932
97938
97965
97976
98174
98185
98204
98276
98288
98298
98324
98329
98367
98377
98388
98393
98398
98401
98406
98408
98419
98434
98461
98473
98474
98475
98495
98506
98514
98541
98570
98603
98651
98670
98685
98758
98760
98779
98810
98814
98828
98891
98893
98904
98915
98928
98952
98976
98986
98989
99024
99082
99141
123792
123793
123796
123798
123855
123937
123962
123974
123983
123991
124017
124107
124219
124286
124313
124344
124393
124445
124550
124721
124764
124786
124857
124893
124974
125080
125096
125272
125410
125606
125682
126162
126376
126410
126443
126528
126639
126822
126888
128390
129037
129312
129350
129478
129684
129776
129820
129846
129915
129988
130015
130202
130663
131130
131269
131607
131828
132022
132453
132588
132979
133529
133530
133583
134186
134727
134751
135028
135535
136297
136549
137399
137467
137661
137795
137799
137949
138202
139075
139611
140064
140439
142299
143207
143487
147745
147873
